host2mcu:

FF 7F 7F 7F 7F 7F 7F 7F 7F 7F 7F 7F 7F 7F
2014-01-28 22:49:54.086500:
46 B9 6A 00 0C 8F C0 79 3F FE 28 85 28 16
2014-01-28 22:49:54.662532:
46 B9 6A 00 0B 8E C0 79 3F FE 28 A1 16
2014-01-28 22:49:55.051469:
46 B9 6A 00 0C 80 00 00 36 01 F2 12 31 16
2014-01-28 22:49:55.144473:
46 B9 6A 00 0C 80 00 00 36 01 F2 12 31 16
2014-01-28 22:49:55.250473:
46 B9 6A 00 0C 80 00 00 36 01 F2 12 31 16
2014-01-28 22:49:55.357505:
46 B9 6A 00 0C 80 00 00 36 01 F2 12 31 16
2014-01-28 22:49:55.463497:
46 B9 6A 00 0C 80 00 00 36 01 F2 12 31 16
2014-01-28 22:49:55.585442:
46 B9 6A 00 8B 84 00 00 02 00 00 08 00 00 00 00
00 00 00 00 00 00 00 00 80 7F 7E 7D 7C 7B 7A 79
78 77 76 75 74 73 72 71 70 6F 6E 6D 6C 6B 6A 69
68 67 66 65 64 63 62 61 60 5F 5E 5D 5C 5B 5A 59
58 57 56 55 54 53 52 51 50 4F 4E 4D 4C 4B 4A 49
48 47 46 45 44 43 42 41 40 3F 3E 3D 3C 3B 3A 39
38 37 36 35 34 33 32 31 30 2F 2E 2D 2C 2B 2A 29
28 27 26 25 24 23 22 21 20 1F 1E 1D 1C 1B 1A 19
18 17 16 15 14 13 12 11 10 0F 0E 68 16
2014-01-28 22:49:56.680538:
46 B9 6A 00 8C 00 00 00 00 00 00 80 02 00 08 12
00 3F 80 FE 75 81 07 12 00 4C E5 82 60 03 02 00
03 E4 78 FF F6 D8 FD 02 00 03 AE 82 AF 83 8E 04
8F 05 1E BE FF 01 1F EC 4D 60 0F 7C 90 7D 01 1C
BC FF 01 1D EC 4D 70 F7 80 E4 22 90 03 E8 12 00
1E E5 80 F4 F5 80 80 F3 75 82 00 22 00 00 00 00
00 00 00 00 00 00 00 00 00 00 00 00 00 00 00 00
00 00 00 00 00 00 00 00 00 00 00 00 00 00 00 00
00 00 00 00 00 00 00 00 00 00 00 00 79 16
2014-01-28 22:49:57.362467:
46
2014-01-28 22:49:57.384798:
B9 6A 00 8C 00 00 00 00 80 00 80 00 00 00 00 00
00 00 00 00 00 00 00 00 00 00 00 00 00 00 00 00
00 00 00 00 00 00 00 00 00 00 00 00 00 00 00 00
00 00 00 00 00 00 00 00 00 00 00 00 00 00 00 00
00 00 00 00 00 00 00 00 00 00 00 00 00 00 00 00
00 00 00 00 00 00 00 00 00 00 00 00 00 00 00 00
00 00 00 00 00 00 00 00 00 00 00 00 00 00 00 00
00 00 00 00 00 00 00 00 00 00 00 00 00 00 00 00
00 00 00 00 00 00 00 00 00 00 00 F6 16
2014-01-28 22:49:58.078540:
46 B9 6A 00 8C 00 00 00 01 00 00 80 00 00 00 00
00 00 00 00 00 00 00 00 00 00 00 00 00 00 00 00
00 00 00 00 00 00 00 00 00 00 00 00 00 00 00 00
00 00 00 00 00 00 00 00 00 00 00 00 00 00 00 00
00 00 00 00 00 00 00 00 00 00 00 00 00 00 00 00
00 00 00 00 00 00 00 00 00 00 00 00 00 00 00 00
00 00 00 00 00 00 00 00 00 00 00 00 00 00 00 00
00 00 00 00 00 00 00 00 00 00 00 00 00 00 00 00
00 00 00 00 00 00 00 00 00 00 00 00 77 16
2014-01-28 22:49:58.770492:
46 B9 6A 00 8C 00 00 00 01 80 00 80 00 00 00 00
00 00 00 00 00 00 00 00 00 00 00 00 00 00 00 00
00 00 00 00 00 00 00 00 00 00 00 00 00 00 00 00
00 00 00 00 00 00 00 00 00 00 00 00 00 00 00 00
00 00 00 00 00 00 00 00 00 00 00 00 00 00 00 00
00 00 00 00 00 00 00 00 00 00 00 00 00 00 00 00
00 00 00 00 00 00 00 00 00 00 00 00 00 00 00 00
00 00 00 00 00 00 00 00 00 00 00 00 00 00 00 00
00 00 00 00 00 00 00 00 00 00 00 00 F7 16
2014-01-28 22:49:59.539453:
46 B9 6A 00 26 8D FD F7 F7 FF BF 00 4F 2A 12 BF
FF FD F7 FF FF FF FF F7 FF FF FF FF FF FF FF 00
4F 2A 12 FF FF FF 77 16
2014-01-28 22:49:59.833427:
46 B9 6A 00 06 50 C0 16
2014-01-28 22:50:00.066242:
46 B9 6A 00 06 82 F2 16


mcu2host:

2014-01-28 22:53:43.948052:
46 B9 68 00 28 00 04 EC 04 EC 04 EC 04 EC 04 EC
04 EC 04 EB 04 EB 58 44 00 F2 12 83 FD F7 F7 FF
FF FF BF FF FD F7 F7 FF C1 16
2014-01-28 22:53:44.501730:
46 B9 68 00 0C 8F C0 79 3F FE 28 85 26 16
2014-01-28 22:53:45.072735:
46 B9 68 00 0B 8E C0 79 3F FE 28 9F 16
2014-01-28 22:53:45.217069:
46 B9 68 00 06 80 EE 16
2014-01-28 22:53:45.323215:
46 B9 68 00 06 80 EE 16
2014-01-28 22:53:45.429706:
46 B9 68 00 06 80 EE 16
2014-01-28 22:53:45.536344:
46 B9 68 00 06 80 EE 16
2014-01-28 22:53:45.642186:
46 B9 68 00 06 80 EE 16
2014-01-28 22:53:46.704094:
46 B9 68 00 06 80 EE 16
2014-01-28 22:53:47.393661:
46 B9 68 00 07 80 03 F2 16
2014-01-28 22:53:48.101694:
46 B9 68 00 07 80 00 EF 16
2014-01-28 22:53:48.816598:
46 B9 68 00 07 80 00 EF 16
2014-01-28 22:53:49.485851:
46 B9 68 00 07 80 00 EF 16
2014-01-28 22:53:49.784437:
46 B9 68 00 06 80 EE 16
2014-01-28 22:53:49.881792:
46 B9 68 00 1B 10 C0 16 F7 FF BF 03 FF 58 44 FD
F7 F7 FF FF FF BF FF FD F7 F7 FF 4C 16
2014-01-28 22:53:50.119724:
46 B9 68 00 06 80 EE 16


