MCU: STC12C5A60S2
Data: hello.bin
Handshake: 9600
Transfer: 9600
Clock: 20 MHz

2014-01-06 17:19:52.426530: host2mcu
7F 7F 7F 7F 7F 7F 7F 7F 7F 7F 7F 7F 7F 7F 7F 7F
7F 7F 7F 7F
2014-01-06 17:19:52.722646: mcu2host
46 B9 68 00 31 50 04 BD 04 BC 04 BC 04 BD 04 BC
04 BC 04 BC 04 BC 62 49 00 D1 7E 8C FF 7F F7 FF
FF FF 00 00 00 03 00 B0 02 2E 6B 00 CD 80 00 00
11 7E 16
2014-01-06 17:19:52.846519: host2mcu
46 B9 6A 00 0D 50 00 00 36 01 D1 7E 02 4D 16
2014-01-06 17:19:52.893712: mcu2host
46 B9 68 00 07 8F 00 FE 16
2014-01-06 17:19:52.928824: host2mcu
46 B9 6A 00 0D 8F C0 7E 3F FE A0 83 04 A4 16
2014-01-06 17:19:53.209386: mcu2host
46 B9 68 00 0E 8F C0 7E 3F FE A0 83 04 04 A7 16
2014-01-06 17:19:53.424544: host2mcu
46 B9 6A 00 0C 8E C0 7E 3F FE A0 04 1F 16
2014-01-06 17:19:53.679264: mcu2host
46 B9 68 00 0D 84 C0 7E 3F FE A0 04 04 18 16
2014-01-06 17:19:53.724472: host2mcu
46 B9 6A 00 8C 84 00 00 02 00 00 F0 00 00 00 00
00 00 00 00 00 00 00 00 80 7F 7E 7D 7C 7B 7A 79
78 77 76 75 74 73 72 71 70 6F 6E 6D 6C 6B 6A 69
68 67 66 65 64 63 62 61 60 5F 5E 5D 5C 5B 5A 59
58 57 56 55 54 53 52 51 50 4F 4E 4D 4C 4B 4A 49
48 47 46 45 44 43 42 41 40 3F 3E 3D 3C 3B 3A 39
38 37 36 35 34 33 32 31 30 2F 2E 2D 2C 2B 2A 29
28 27 26 25 24 23 22 21 20 1F 1E 1D 1C 1B 1A 19
18 17 16 15 14 13 12 11 10 0F 0E 22 51 16
2014-01-06 17:19:55.505307: mcu2host
46 B9 68 00 07 00 00 6F 16
2014-01-06 17:19:55.537548: host2mcu
46 B9 6A 00 8D 00 00 00 00 00 00 80 02 00 08 12
00 3F 80 FE 75 81 07 12 00 4C E5 82 60 03 02 00
03 E4 78 FF F6 D8 FD 02 00 03 AE 82 AF 83 8E 04
8F 05 1E BE FF 01 1F EC 4D 60 0F 7C 90 7D 01 1C
BC FF 01 1D EC 4D 70 F7 80 E4 22 90 03 E8 12 00
1E E5 80 F4 F5 80 80 F3 75 82 00 22 00 00 00 00
00 00 00 00 00 00 00 00 00 00 00 00 00 00 00 00
00 00 00 00 00 00 00 00 00 00 00 00 00 00 00 00
00 00 00 00 00 00 00 00 00 00 00 00 22 7A 16
2014-01-06 17:19:55.968298: mcu2host
46 B9 68 00 08 00 03 00 73 16
2014-01-06 17:19:55.986526: host2mcu
46 B9 6A 00 8D 00 00 00 00 80 00 80 00 00 00 00
00 00 00 00 00 00 00 00 00 00 00 00 00 00 00 00
00 00 00 00 00 00 00 00 00 00 00 00 00 00 00 00
00 00 00 00 00 00 00 00 00 00 00 00 00 00 00 00
00 00 00 00 00 00 00 00 00 00 00 00 00 00 00 00
00 00 00 00 00 00 00 00 00 00 00 00 00 00 00 00
00 00 00 00 00 00 00 00 00 00 00 00 00 00 00 00
00 00 00 00 00 00 00 00 00 00 00 00 00 00 00 00
00 00 00 00 00 00 00 00 00 00 00 00 01 F7 16
2014-01-06 17:19:56.412372: mcu2host
46 B9 68 00 08 00 00 00 70 16
2014-01-06 17:19:56.430530: host2mcu
46 B9 6A 00 8D 00 00 00 01 00 00 80 00 00 00 00
00 00 00 00 00 00 00 00 00 00 00 00 00 00 00 00
00 00 00 00 00 00 00 00 00 00 00 00 00 00 00 00
00 00 00 00 00 00 00 00 00 00 00 00 00 00 00 00
00 00 00 00 00 00 00 00 00 00 00 00 00 00 00 00
00 00 00 00 00 00 00 00 00 00 00 00 00 00 00 00
00 00 00 00 00 00 00 00 00 00 00 00 00 00 00 00
00 00 00 00 00 00 00 00 00 00 00 00 00 00 00 00
00 00 00 00 00 00 00 00 00 00 00 00 01 78 16
2014-01-06 17:19:56.865930: mcu2host
46 B9 68 00 08 00 00 00 70 16
2014-01-06 17:19:56.884481: host2mcu
46 B9 6A 00 8D 00 00 00 01 80 00 80 00 00 00 00
00 00 00 00 00 00 00 00 00 00 00 00 00 00 00 00
00 00 00 00 00 00 00 00 00 00 00 00 00 00 00 00
00 00 00 00 00 00 00 00 00 00 00 00 00 00 00 00
00 00 00 00 00 00 00 00 00 00 00 00 00 00 00 00
00 00 00 00 00 00 00 00 00 00 00 00 00 00 00 00
00 00 00 00 00 00 00 00 00 00 00 00 00 00 00 00
00 00 00 00 00 00 00 00 00 00 00 00 00 00 00 00
00 00 00 00 00 00 00 00 00 00 00 00 01 F8 16
2014-01-06 17:19:57.288219: mcu2host
46 B9 68 00 08 00 00 00 70 16
2014-01-06 17:19:57.306515: host2mcu
46 B9 6A 00 0D 69 00 00 36 01 D1 7E 02 66 16
2014-01-06 17:19:57.369302: mcu2host
46 B9 68 00 07 8D 00 FC 16
2014-01-06 17:19:57.412492: host2mcu
46 B9 6A 00 1B 8D FF 7F F7 FF FF FF FF FF FF FF
FF FF FF FF FF FF 01 30 5A 49 11 4E 16
2014-01-06 17:19:57.511742: mcu2host
46 B9 68 00 24 50 FF 7F F7 FF FF 03 FF 62 49 FF
7F F7 FF FF FF FF 01 00 03 00 B0 02 2E 6B 00 CD
80 00 00 10 09 16
2014-01-06 17:19:57.672474: host2mcu
46 B9 6A 00 07 82 00 F3 16

