MCU: STC11F08XE
Data: hello.bin
Handshake: 9600
Transfer: 9600
Clock: 20 MHz

2014-01-06 17:13:42.017505: host2mcu
7F 7F 7F 7F 7F 7F 7F 7F 7F 7F 7F 7F 7F 7F 7F 7F
7F 7F 7F 7F
2014-01-06 17:13:42.315631: mcu2host
46 B9 68 00 39 50 04 BC 04 BD 04 BD 04 BC 04 BC
04 BD 04 BC 04 BC 65 4C 00 D3 64 8C BF 7F F7 FF
FF FF 00 00 00 00 00 00 00 00 00 00 00 00 00 00
00 6B 0B D3 00 6A 82 80 11 4F 16
2014-01-06 17:13:42.455472: host2mcu
46 B9 6A 00 0D 50 00 00 36 01 D3 64 02 35 16
2014-01-06 17:13:42.479849: mcu2host
46 B9 68 00 07 8F 00 FE 16
2014-01-06 17:13:42.504527: host2mcu
46 B9 6A 00 0D 8F C0 7E 3F FE A0 83 04 A4 16
2014-01-06 17:13:42.768346: mcu2host
46 B9 68 00 0E 8F C0 7E 3F FE A0 83 04 04 A7 16
2014-01-06 17:13:42.987584: host2mcu
46 B9 6A 00 0C 8E C0 7E 3F FE A0 04 1F 16
2014-01-06 17:13:43.244111: mcu2host
46 B9 68 00 0D 84 C0 7E 3F FE A0 04 04 18 16
2014-01-06 17:13:43.286557: host2mcu
46 B9 6A 00 8C 84 00 00 02 00 00 20 00 00 00 00
00 00 00 00 00 00 00 00 80 7F 7E 7D 7C 7B 7A 79
78 77 76 75 74 73 72 71 70 6F 6E 6D 6C 6B 6A 69
68 67 66 65 64 63 62 61 60 5F 5E 5D 5C 5B 5A 59
58 57 56 55 54 53 52 51 50 4F 4E 4D 4C 4B 4A 49
48 47 46 45 44 43 42 41 40 3F 3E 3D 3C 3B 3A 39
38 37 36 35 34 33 32 31 30 2F 2E 2D 2C 2B 2A 29
28 27 26 25 24 23 22 21 20 1F 1E 1D 1C 1B 1A 19
18 17 16 15 14 13 12 11 10 0F 0E 21 81 16
2014-01-06 17:13:43.718954: mcu2host
46 B9 68 00 0E 00 00 08 00 8E 00 A8 2E 01 E2 16
2014-01-06 17:13:43.758507: host2mcu
46 B9 6A 00 8D 00 00 00 00 00 00 80 02 00 08 12
00 3F 80 FE 75 81 07 12 00 4C E5 82 60 03 02 00
03 E4 78 FF F6 D8 FD 02 00 03 AE 82 AF 83 8E 04
8F 05 1E BE FF 01 1F EC 4D 60 0F 7C 90 7D 01 1C
BC FF 01 1D EC 4D 70 F7 80 E4 22 90 03 E8 12 00
1E E5 80 F4 F5 80 80 F3 75 82 00 22 00 00 00 00
00 00 00 00 00 00 00 00 00 00 00 00 00 00 00 00
00 00 00 00 00 00 00 00 00 00 00 00 00 00 00 00
00 00 00 00 00 00 00 00 00 00 00 00 22 7A 16
2014-01-06 17:13:44.050030: mcu2host
46 B9 68 00 08 00 03 00 73 16
2014-01-06 17:13:44.063502: host2mcu
46 B9 6A 00 8D 00 00 00 00 80 00 80 00 00 00 00
00 00 00 00 00 00 00 00 00 00 00 00 00 00 00 00
00 00 00 00 00 00 00 00 00 00 00 00 00 00 00 00
00 00 00 00 00 00 00 00 00 00 00 00 00 00 00 00
00 00 00 00 00 00 00 00 00 00 00 00 00 00 00 00
00 00 00 00 00 00 00 00 00 00 00 00 00 00 00 00
00 00 00 00 00 00 00 00 00 00 00 00 00 00 00 00
00 00 00 00 00 00 00 00 00 00 00 00 00 00 00 00
00 00 00 00 00 00 00 00 00 00 00 00 01 F7 16
2014-01-06 17:13:44.261910: mcu2host
46 B9 68 00 08 00 00 00 70 16
2014-01-06 17:13:44.279527: host2mcu
46 B9 6A 00 8D 00 00 00 01 00 00 80 00 00 00 00
00 00 00 00 00 00 00 00 00 00 00 00 00 00 00 00
00 00 00 00 00 00 00 00 00 00 00 00 00 00 00 00
00 00 00 00 00 00 00 00 00 00 00 00 00 00 00 00
00 00 00 00 00 00 00 00 00 00 00 00 00 00 00 00
00 00 00 00 00 00 00 00 00 00 00 00 00 00 00 00
00 00 00 00 00 00 00 00 00 00 00 00 00 00 00 00
00 00 00 00 00 00 00 00 00 00 00 00 00 00 00 00
00 00 00 00 00 00 00 00 00 00 00 00 01 78 16
2014-01-06 17:13:44.486933: mcu2host
46 B9 68 00 08 00 00 00 70 16
2014-01-06 17:13:44.503472: host2mcu
46 B9 6A 00 8D 00 00 00 01 80 00 80 00 00 00 00
00 00 00 00 00 00 00 00 00 00 00 00 00 00 00 00
00 00 00 00 00 00 00 00 00 00 00 00 00 00 00 00
00 00 00 00 00 00 00 00 00 00 00 00 00 00 00 00
00 00 00 00 00 00 00 00 00 00 00 00 00 00 00 00
00 00 00 00 00 00 00 00 00 00 00 00 00 00 00 00
00 00 00 00 00 00 00 00 00 00 00 00 00 00 00 00
00 00 00 00 00 00 00 00 00 00 00 00 00 00 00 00
00 00 00 00 00 00 00 00 00 00 00 00 01 F8 16
2014-01-06 17:13:44.698788: mcu2host
46 B9 68 00 08 00 00 00 70 16
2014-01-06 17:13:44.716462: host2mcu
46 B9 6A 00 0D 69 00 00 36 01 D3 64 02 4E 16
2014-01-06 17:13:44.755837: mcu2host
46 B9 68 00 07 8D 00 FC 16
2014-01-06 17:13:44.786562: host2mcu
46 B9 6A 00 1B 8D BF 7F F7 FF FF FF FF FF FF FF
FF FF FF FF FF FF 01 30 9A 92 11 97 16
2014-01-06 17:13:44.843366: mcu2host
46 B9 68 00 24 50 BF 7F F7 FF FF 03 FF 65 4C BF
7F F7 FF FF FF FF 01 00 6B 0B D3 00 6A 82 80 00
00 00 00 0F A9 16
2014-01-06 17:13:44.968518: host2mcu
46 B9 6A 00 07 82 00 F3 16

