status packet:

2014-01-23 14:23:03.132734:
68 00 3B 00 25 E6 25 E6 25 E6 25 E6 25 E6 25 E6
25 E2 25 E6 43 43 FC F0 02 82 00 00 00 00 00 00
00 00 00 00 00 00 00 00 00 00 00 00 00 00 00 00
00 00 00 00 00 00 00 00 00 ED 16

- no frame start?


programming hello.bin @ 2400 bps

host2mcu:

2014-01-23 14:28:02.284628:
7F 7F 7F 7F 7F 7F 7F 7F 7F 7F 7F
2014-01-23 14:28:02.723598:
46 B9 6A 00 0C 8F FD F8 02 10 28 81 B5 16
                      ^reload
                   ^SMOD
                        ^SMOD checksum
                           ^reload checksum
                               ^delay
                                  ^IAP delay
                    
2014-01-23 14:28:03.301552:
46 B9 6A 00 0B 8E FD F8 02 10 28 32 16
2014-01-23 14:28:03.675670:
46 B9 6A 00 0C 80 00 00 36 01 F0 02 1F 16
2014-01-23 14:28:03.781613:
46 B9 6A 00 0C 80 00 00 36 01 F0 02 1F 16
2014-01-23 14:28:03.887556:
46 B9 6A 00 0C 80 00 00 36 01 F0 02 1F 16
2014-01-23 14:28:03.994608:
46 B9 6A 00 0C 80 00 00 36 01 F0 02 1F 16
2014-01-23 14:28:04.101595:
46 B9 6A 00 0C 80 00 00 36 01 F0 02 1F 16
2014-01-23 14:28:04.223628:
46 B9 6A 00 0D 84 01 33 33 33 33 33 33 2E 16
2014-01-23 14:28:04.568604:
46 B9 6A 00 8C 00 00 00 00 00 00 80 02 00 08 12
00 3F 80 FE 75 81 07 12 00 4C E5 82 60 03 02 00
03 E4 78 FF F6 D8 FD 02 00 03 AE 82 AF 83 8E 04
8F 05 1E BE FF 01 1F EC 4D 60 0F 7C 90 7D 01 1C
BC FF 01 1D EC 4D 70 F7 80 E4 22 90 03 E8 12 00
1E E5 80 F4 F5 80 80 F3 75 82 00 22 00 00 00 00
00 00 00 00 00 00 00 00 00 00 00 00 00 00 00 00
00 00 00 00 00 00 00 00 00 00 00 00 00 00 00 00
00 00 00 00 00 00 00 00 00 00 00 00 79 16
2014-01-23 14:28:05.255560:
46 B9 6A 00 8C 00 00 00 00 80 00 80 00 00 00 00
00 00 00 00 00 00 00 00 00 00 00 00 00 00 00 00
00 00 00 00 00 00 00 00 00 00 00 00 00 00 00 00
00 00 00 00 00 00 00 00 00 00 00 00 00 00 00 00
00 00 00 00 00 00 00 00 00 00 00 00 00 00 00 00
00 00 00 00 00 00 00 00 00 00 00 00 00 00 00 00
00 00 00 00 00 00 00 00 00 00 00 00 00 00 00 00
00 00 00 00 00 00 00 00 00 00 00 00 00 00 00 00
00 00 00 00 00 00 00 00 00 00 00 00 F6 16
2014-01-23 14:28:05.929634:
46 B9 6A 00 8C 00 00 00 01 00 00 80 00 00 00 00
00 00 00 00 00 00 00 00 00 00 00 00 00 00 00 00
00 00 00 00 00 00 00 00 00 00 00 00 00 00 00 00
00 00 00 00 00 00 00 00 00 00 00 00 00 00 00 00
00 00 00 00 00 00 00 00 00 00 00 00 00 00 00 00
00 00 00 00 00 00 00 00 00 00 00 00 00 00 00 00
00 00 00 00 00 00 00 00 00 00 00 00 00 00 00 00
00 00 00 00 00 00 00 00 00 00 00 00 00 00 00 00
00 00 00 00 00 00 00 00 00 00 00 00 77 16
2014-01-23 14:28:06.615585:
46 B9 6A 00 8C 00 00 00 01 80 00 80 00 00 00 00
00 00 00 00 00 00 00 00 00 00 00 00 00 00 00 00
00 00 00 00 00 00 00 00 00 00 00 00 00 00 00 00
00 00 00 00 00 00 00 00 00 00 00 00 00 00 00 00
00 00 00 00 00 00 00 00 00 00 00 00 00 00 00 00
00 00 00 00 00 00 00 00 00 00 00 00 00 00 00 00
00 00 00 00 00 00 00 00 00 00 00 00 00 00 00 00
00 00 00 00 00 00 00 00 00 00 00 00 00 00 00 00
00 00 00 00 00 00 00 00 00 00 00 00 F7 16
2014-01-23 14:28:07.348584:
46 B9 6A 00 0A 8D FC FF F6 FF F1 16
2014-01-23 14:28:07.488602:
46 B9 6A 00 06 50 C0 16
2014-01-23 14:28:07.675520:
46 B9 6A
2014-01-23 14:28:07.716596:
00 06 82 F2 16

mcu2host:

2014-01-23 14:29:19.694735:
68 00 3B 00 25 E6 25 E6 25 E6 25 E6 25 E6 25 E6
25 E6 25 E6 43 43 FC F0 02 82 00 00 00 00 00 00
00 00 00 00 00 00 00 00 00 00 00 00 00 00 00 00
00 00 00 00 00 00 00 00 00 F1 16
                   ^ 6 clk vs 12 clk?
                   
2014-01-23 14:29:20.314923:
46 B9 68 00 0C 8F FD F8 02 10 28 81 B3 16
2014-01-23 14:29:20.884524:
46 B9 68 00 0B 8E FD F8 02 10 28 30 16
2014-01-23 14:29:21.045797:
46 B9 68 00 06 80 EE 16
2014-01-23 14:29:21.151802:
46 B9 68 00 06 80 EE 16
2014-01-23 14:29:21.261384:
46 B9 68 00 06 80 EE 16
2014-01-23 14:29:21.368230:
46 B9 68 00 06 80 EE 16
2014-01-23 14:29:21.474767:
46 B9 68 00 06 80 EE 16
2014-01-23 14:29:21.807191:
46 B9 68 00 06 80 EE 16
2014-01-23 14:29:22.533512:
46 B9 68 00 07 80 03 F2 16
2014-01-23 14:29:23.239793:
46 B9 68 00 07 80 00 EF 16
2014-01-23 14:29:23.914122:
46 B9 68 00 07 80 00 EF 16
2014-01-23 14:29:24.595625:
46 B9 68 00 07 80 00 EF 16
2014-01-23 14:29:24.725387:
46 B9 68 00 0A 8D FC FF F6 FF EF 16
2014-01-23 14:29:24.845962:
46 B9 68 00 10 10 C0 16 F6 FF F1 03 FF 43 43 FC
C8 16
2014-01-23 14:29:25.064892:
46 B9 68 00 06 80 EE 16

